x = Empty r = 99.354
x = 0.40281 r = 99.026
x = 0.4006 0.7361 r = 97.9037
x = 0.4081 -0.7350  0.8591 r = 96.3868 
x = 0.5359 -0.7057  0.8436  2.6204 r = 81.0928 
x = 0.5594 -0.6631  0.8374  2.6316  0.6548 r = 79.9244  
x = 0.5466 -0.6671  0.8238  2.6353  0.6495 -0.1635 r =  79.8340    
x = 0.5297 -0.7178  0.7779  2.5840  0.6505 -0.1741 -0.9020 r = 77.7808 
x = 0.5232 -0.7113  0.7993  2.6052  0.6740 -0.1759 -0.8986  0.4034 r = 77.3647   
x = 0.5299 -0.7260  0.8094  2.6487  0.7083 -0.1249 -0.9047  0.4121  0.7658 r = 75.7822 
x = 0.5507 -0.7184  0.7986  2.6572  0.7470 -0.0906 -0.8561  0.4045  0.7753  0.6939 r = 74.4638 
x = 0.5640 -0.7032  0.8049  2.6494  0.7529 -0.0620 -0.8347  0.4417  0.7668  0.7014  0.4885 r = 73.7752 
x = 0.5084 -0.7113  0.7901  2.6645  0.7452 -0.1100 -0.8770  0.3654  0.6990  0.6868  0.5009 -1.2303 r = 69.6450    
x = 0.4595 -0.6609  0.7938  2.6786  0.7306 -0.1080 -0.8355  0.4085  0.7689  0.7477  0.5168 -1.2477  1.1707 r = 65.6946       
x = 0.4311 -0.6403  0.7474  2.6674  0.7116 -0.1125 -0.8319  0.3903  0.7265  0.7064  0.4679 -1.2527  1.1754 -0.7924 r = 63.8362     
x = 0.4600 -0.6741  0.7719  2.6351  0.7108 -0.1241 -0.8302  0.3898  0.7029  0.6748  0.4267 -1.2907  1.1645 -0.7819 -0.7122 r = 62.3017   
x = 0.4043 -0.7052  0.8122  2.6023  0.7436 -0.1229 -0.8158  0.3854  0.7060  0.7036  0.4609 -1.2431  1.2085 -0.7690 -0.7197  0.8266 r = 60.1877     
x = 0.3225 -0.6070  0.8576  2.5276  0.8042 -0.1834 -0.8199  0.3678  0.7151  0.6893  0.4096 -1.3057  1.1279 -0.8479 -0.7466  0.8455 -1.4350 r = 53.2508     
x = 0.3137 -0.6066  0.8591  2.5435  0.8058 -0.1894 -0.8422  0.3543  0.6996  0.6757  0.4193 -1.3024  1.1016 -0.8478 -0.7711  0.8560 -1.4468 -0.2232 r = 52.8676    
x = 0.2887 -0.6052  0.8703  2.5247  0.7852 -0.1803 -0.8500  0.3826  0.7111  0.6893  0.4285 -1.3098  1.1079 -0.8170 -0.7585  0.8896 -1.4534 -0.2164  0.4211 r = 52.1452     
x = 0.2500 -0.6233  0.8504  2.5599  0.7357 -0.2033 -0.8181  0.3499  0.7363  0.6885  0.4331 -1.3202  1.1165 -0.7961 -0.7306  0.9267 -1.4222 -0.2035  0.4125  0.6705 r = 50.4700
x = 0.2551 -0.6267  0.8583  2.5561  0.7381 -0.2049 -0.8129  0.3529  0.7326  0.6812  0.4284 -1.3256  1.1109 -0.7915 -0.7289  0.9182 -1.4202 -0.2116  0.4175  0.6651 -0.0535 r = 50.4245    
x = 0.2664 -0.6420  0.8846  2.5663  0.7548 -0.2308 -0.7808  0.3673  0.7093  0.7030  0.4126 -1.3237  1.1078 -0.7820 -0.7390  0.9006 -1.4375 -0.2390  0.4000  0.6562 -0.0453 -0.4515 r = 49.6277   
x = 0.2637 -0.6324  0.8724  2.5876  0.7618 -0.2158 -0.8017  0.3932  0.7216  0.6844  0.4303 -1.3354  1.1091 -0.7835 -0.7300  0.8929 -1.4514 -0.2534  0.3766  0.6417 -0.0524 -0.4434 -0.3701 r = 49.0799
x = 0.2530 -0.6399  0.8760  2.5996  0.7463 -0.2080 -0.8133  0.4057  0.7077  0.6874  0.4426 -1.3494  1.1041 -0.7911 -0.7368  0.8822 -1.4413 -0.2458  0.3709  0.6555 -0.0579 -0.4326 -0.3813  0.0830 r = 48.9233
x = 0.2447 -0.6347  0.8857  2.5908  0.7381 -0.2020 -0.8243  0.4106  0.7044  0.6908  0.4338 -1.3539  1.1106 -0.7804 -0.7288  0.8915 -1.4335 -0.2531  0.3692  0.6680 -0.0612 -0.4194 -0.3894  0.0911  0.0823 r = 48.8153
x = 0.2345 -0.6228  0.8766  2.5823  0.7437 -0.1916 -0.8360  0.4200  0.6955  0.6994  0.4243 -1.3493  1.1207 -0.7921 -0.7357  0.8842 -1.4426 -0.2618  0.3784  0.6736 -0.0705 -0.4095 -0.3985  0.1012  0.0718  0.0164 r = 48.7040
x = 0.2492 -0.6322  0.8922  2.5700  0.7387 -0.1891 -0.8229  0.4024  0.7023  0.6854  0.4393 -1.3653  1.1202 -0.7756 -0.7539  0.8802 -1.4495 -0.2699  0.3683  0.6839 -0.0609 -0.4151 -0.3807  0.0974  0.0835  0.0040  0.1366 r = 48.4935
x = 0.2473 -0.6318  0.8895  2.5706  0.7387 -0.1920 -0.8199  0.4032  0.7031  0.6887  0.4399 -1.3666  1.1219 -0.7724 -0.7546  0.8811 -1.4529 -0.2712  0.3658  0.6825 -0.0599 -0.4156 -0.3849  0.0959  0.0789  0.0052  0.1354 -0.0569 r = 48.4793
x = 0.2375 -0.6360  0.8783  2.5871  0.7241 -0.1840 -0.8041  0.3880  0.6912  0.6979  0.4210 -1.3600  1.1168 -0.7681 -0.7680  0.8744 -1.4434 -0.2548  0.3766  0.6993 -0.0463 -0.4263 -0.3895  0.1175  0.0738  0.0265  0.1211 -0.0446  0.1485 r = 48.1917
x =  0.2170 -0.6298  0.8726  2.5880  0.7125 -0.1795 -0.8057  0.3754  0.7041  0.7022  0.4211 -1.3469  1.1179 -0.7712 -0.7625  0.8886 -1.4458 -0.2534  0.3643  0.6943 -0.0563 -0.4316 -0.3870  0.1183  0.0574  0.0210  0.1031 -0.0399  0.1444 -0.2004 r = 48.0000
